10101 Tony 90.5 88 64
10102 Sam  88  64  90.5
10132 Ben 98 87.5 100
10104 Jacob 88.5 69 87
10105 Addy  98 68  83
10106 Richard  98 57 68 
10107 Alex  70.5 89 77
10108 Bell  80 74 59.5
10109 Sophia  89  97.5 99
10110 Jack  78.5 83 67
10111 Tina 86 79 75
10112 Mark 90.5 97 98
10113 Abel  100 70  91.5
10114 Lily 51 99 96
10115 Rose  77 90 69.5
10116 Paul 54 58 90
10117 Leon 78.5 76 52
10118 Maria 56.5 89 67
10119 Joe 89 77 51
10120 Bob 91 90.5 79
10135 Janny 76 91.5 64
10121 Machael 81.5 80 93
10122 Elas 78.5 93 91
10123 Peter 56 50 61
10124 Hillen 92 93 87
10125 Kate 67 71 90.5
10126 Hank 88 92 94
10127 Willian 90 83 98
10128 Raymond 91 92 95.5
10137 Alison 100 92 97
10131 Jane 89 97 90.5
10130 Nancy 91.5 100 94 
10134 Pascal 99 56 97.5
10103 Alice 99 91.5 95
10133 Ford 91 49 98.5
10136 Sore 99 59 100
10129 Ania 97 95.5 96.5
-1